#1	
double	V_DHW(674,2)
0	0
421	0
422	49
423	0
427	0
428	906
429	480
432	480
433	0
434	0
435	253
436	0
441	0
442	468
443	0
446	0
447	19
448	205
449	0
450	445
451	0
452	348
453	0
458	0
459	211
460	0
461	420
462	0
468	0
469	306
470	181
471	85
472	0
473	0
474	343
475	0
528	0
529	492
530	0
585	0
586	7
587	0
696	0
697	384
698	0
708	0
709	168
710	0
723	0
724	450
725	480
726	516
727	0
732	0
733	480
736	480
737	517
738	0
746	0
747	115
748	0
750	0
751	240
752	265
753	0
773	0
774	264
775	0
894	0
895	378
896	0
944	0
945	354
946	0
1024	0
1025	480
1029	480
1030	0
1094	0
1095	414
1096	0
1128	0
1129	198
1130	0
1152	0
1153	43
1154	0
1200	0
1201	480
1205	480
1206	0
1267	0
1268	341
1272	341
1273	0
1286	0
1287	181
1288	0
1301	0
1302	330
1303	0
1565	0
1566	85
1567	0
1861	0
1862	348
1863	0
1867	0
1868	43
1869	217
1870	0
1873	0
1874	360
1875	192
1876	0
1877	444
1878	0
1889	0
1890	846
1891	480
1894	480
1895	0
1897	0
1898	480
1900	480
1901	780
1902	480
1903	0
1904	0
1905	31
1906	25
1907	0
1915	0
1916	480
1920	480
1921	0
2010	0
2011	109
2012	0
2175	0
2176	169
2177	0
2205	0
2206	162
2207	0
2217	0
2218	1050
2227	1050
2228	0
2244	0
2245	456
2246	0
2438	0
2439	25
2440	0
2555	0
2556	372
2557	0
2560	0
2561	127
2562	0
2588	0
2589	73
2590	0
2614	0
2615	341
2616	821
2619	821
2620	480
2621	0
2629	0
2630	552
2631	0
2693	0
2694	277
2695	0
2715	0
2716	294
2717	0
2754	0
2755	115
2756	0
3265	0
3266	235
3267	0
3304	0
3305	109
3306	0
3308	0
3309	360
3310	0
3311	0
3312	1
3313	498
3314	0
3316	0
3317	61
3318	0
3320	0
3321	236
3322	0
3323	0
3324	366
3325	0
3330	0
3331	288
3332	0
3334	0
3335	318
3336	0
3340	0
3341	372
3342	0
3343	0
3344	270
3345	0
3349	0
3350	145
3351	0
3352	402
3353	0
3356	0
3357	121
3358	127
3359	0
3372	0
3373	13
3374	0
3420	0
3421	462
3422	0
3470	0
3471	49
3472	0
3523	0
3524	426
3525	0
3606	0
3607	414
3608	0
3614	0
3615	432
3616	0
3617	79
3618	139
3619	0
3620	133
3621	0
3634	0
3635	260
3636	0
3637	174
3638	13
3639	0
3644	0
3645	480
3649	480
3650	0
3669	0
3670	73
3671	49
3672	0
3692	0
3693	438
3694	0
3817	0
3818	390
3819	0
3882	0
3883	7
3884	0
3929	0
3930	121
3931	0
3938	0
3939	228
3940	0
3982	0
3983	169
3984	0
4008	0
4009	396
4010	0
4022	0
4023	163
4024	0
4077	0
4078	528
4079	0
4139	0
4140	420
4141	0
4172	0
4173	270
4174	0
4175	0
4176	510
4177	0
4740	0
4741	396
4742	336
4743	0
4745	0
4746	236
4747	109
4748	0
4749	0
4750	133
4751	0
4752	13
4753	0
4769	0
4770	187
4771	318
4772	0
4787	0
4788	91
4789	0
4797	0
4798	61
4799	0
5008	0
5009	288
5010	0
5061	0
5062	85
5063	0
5074	0
5075	49
5076	0
5089	0
5090	7
5091	0
5096	0
5097	67
5098	0
5218	0
5219	85
5220	0
5385	0
5386	73
5387	0
5433	0
5434	79
5435	0
5436	540
5437	0
5438	0
5439	91
5440	0
5450	0
5451	139
5452	0
5506	0
5507	205
5508	0
5591	0
5592	324
5593	0
5636	0
5637	223
5638	0
6182	0
6183	480
6187	480
6188	0
6189	0
6190	271
6191	480
6195	480
6196	0
6204	0
6205	354
6206	0
6208	0
6209	180
6210	0
6213	0
6214	402
6215	0
6216	31
6217	0
6219	0
6220	300
6221	480
6223	480
6224	810
6225	480
6226	0
6227	560
6228	0
6229	0
6230	169
6231	0
6237	0
6238	901
6239	480
6240	984
6241	480
6242	480
6243	0
6360	0
6361	13
6362	0
6484	0
6485	522
6486	151
6487	0
6490	0
6491	306
6492	0
6495	0
6496	486
6497	0
6515	0
6516	432
6517	0
6523	0
6524	19
6525	0
6536	0
6537	7
6538	0
6695	0
6696	43
6697	0
6698	0
6699	444
6700	0
6837	0
6838	156
6839	0
6860	0
6861	109
6862	0
6941	0
6942	193
6943	0
6944	0
6945	312
6946	0
6977	0
6978	276
6979	0
6990	0
6991	55
6992	0
6998	0
6999	91
7000	0
7048	0
7049	79
7050	0
7270	0
7271	175
7272	0
7326	0
7327	145
7328	0
7383	0
7384	384
7385	0
7629	0
7630	199
7631	0
7645	0
7646	378
7647	0
7656	0
7657	342
7658	0
7661	0
7662	408
7663	0
7678	0
7679	103
7680	0
7681	283
7682	0
7692	0
7693	121
7694	186
7695	0
7696	613
7697	480
7700	480
7701	0
7706	0
7707	128
7708	0
7709	175
7710	0
7711	0
7712	163
7713	0
7716	0
7717	31
7718	0
7727	0
7728	127
7729	0
7850	0
7851	55
7852	0
7899	0
7900	55
7901	0
8029	0
8030	97
8031	0
8092	0
8093	204
8094	0
8102	0
8103	151
8104	0
8108	0
8109	480
8113	480
8114	0
8115	31
8116	307
8117	0
8118	0
8119	187
8120	0
8128	0
8129	37
8130	0
8139	0
8140	534
8141	0
8159	0
8160	342
8161	0
8167	0
8168	223
8169	0
8186	0
8187	216
8188	0
8189	0
8190	145
8191	0
8192	0
8193	139
8194	0
8196	0
8197	258
8198	0
8212	0
8213	67
8214	0
8419	0
8420	222
8421	0
8467	0
8468	264
8469	0
8510	0
8511	157
8512	0
8549	0
8550	474
8551	0
8701	0
8702	115
8703	0
8831	0
8832	157
8833	0
9067	0
9068	37
9069	0
9074	0
9075	91
9076	480
9077	480
9078	840
9079	480
9080	480
9081	0
9084	0
9085	456
9086	0
9096	0
9097	324
9098	0
9108	0
9109	438
9110	0
9112	0
9113	86
9114	0
9139	0
9140	103
9141	0
9144	0
9145	103
9146	558
9147	0
9155	0
9156	229
9157	0
9158	103
9159	0
9163	0
9164	493
9165	0
9166	462
9167	0
9171	0
9172	546
9173	0
9174	258
9175	0
9176	0
9177	73
9178	0
9216	0
9217	120
9218	0
9344	0
9345	564
9346	0
9388	0
9389	282
9390	0
9551	0
9552	25
9553	0
9564	0
9565	97
9566	0
9568	0
9569	450
9570	0
9572	0
9573	97
9574	390
9575	0
9580	0
9581	193
9582	336
9583	0
9624	0
9625	25
9626	0
9644	0
9645	282
9646	0
9714	0
9715	259
9716	0
9792	0
9793	61
9794	0
9802	0
9803	43
9804	0
9873	0
9874	408
9875	0
9880	0
9881	234
9882	0
9968	0
9969	480
9973	480
9974	0
10008	0
10009	163
10010	0
10080	0

