sums of daily draw-off volumes
192.2
346
263.3
421.5
197.4
272.6
368.5
229.7
366.5
542.6
294.3
346.6
161.4
264.2
314.1
299.2
562.4
228.2
181
364.9
251.8
161.6
614.5
303.2
282.3
288.2
281.8
308.9
289.7
322.2
365.5
242.8
255.9
232.6
536.4
503.5
673.4
229
513.2
251.4
258.4
219.2
333.4
368.3
732.4
350.1
200.3
418.6
269.6
404.6
474.2
482.7
243
289
170.8
323.5
276
383.9
228.2
333.4
255.7
313.1
209.5
376
297.4
256
387
222.2
423.1
204.5
288.1
205
491.6
128.9
253.4
409.5
277.8
238
504
399.6
307.5
300.1
303.8
361.3
243.6
296
399.7
273
270.9
176.2
299.3
260.6
286
406.1
427
297.7
419.4
683.7
280.2
494.2
334.2
427.5
276.3
253.1
201.8
222.4
528.8
387.9
244.5
207.6
294.7
153.3
337.9
169.5
302.8
194.7
345.9
394.4
190.6
282.6
456.6
274.1
392.4
284.4
290
252.8
116.9
356.1
347.9
309.6
230.7
146.4
313.4
141.4
422.6
484.3
285.7
395
444.2
218.5
217.6
351.7
316
350.5
162.6
347.8
280.4
200.7
294.9
408.8
175.1
500.3
295.8
211.4
260.5
384
388.1
259.2
248.7
250.2
333.2
219.2
208
222.7
316.8
244.9
360.2
209.1
256
198.3
235.8
294.6
225.8
240.2
198.8
248.4
278.5
198.9
150.1
278.1
271
248.2
429
257.6
275.9
371.8
378.3
242.7
451.2
213.4
206.9
280.3
324.2
279.7
206.2
234.8
339.3
509
325.2
330.3
230.3
186.9
217.1
468.9
406.5
334.4
200.8
208.5
248.3
289.5
198.3
249
586
235.5
306.8
144.1
391.6
100.8
192.4
305.9
360.2
255.5
176.9
155.1
195.3
177.7
252.6
292.2
294.2
131.5
174.4
145
325.9
410
323.3
141.1
347
160.8
135.6
307.6
235.2
246.3
267.9
287.3
211.7
194.6
509.9
171.9
190.1
409.5
277.1
243.1
215.2
688.2
239.2
134.6
259.5
210.8
189.3
231.9
200.1
289.7
212.5
274.9
339.8
226.4
240.7
338.8
243.1
164.4
251.7
341.5
251.3
411.4
297.3
357.3
389.5
180.9
359.8
354.8
399.8
466.3
300.3
250.2
214.9
347.6
161.4
273
576.3
313.7
335.4
215.9
401
160.9
214.9
388.5
264.2
216.2
276.3
201.6
485.5
229.9
388
542.9
382.9
205.1
189.5
160.1
357.5
440.9
198.9
255.2
139.6
181.8
266.5
367.2
305
668.4
312.5
352.4
218.5
279.8
371.2
384.8
370.2
204.2
224.3
189.1
156
395.7
299.1
393.4
266.4
257.8
112.1
256.6
256.6
469.6
242.2
193
347.7
233.4
314.6
368.5
476
347.5
296.9
364.8
457
319.2
394.1
409.9
599.3
345.5
347.6
201.3
209.3
306.8
246.1
237.3
392
413.1
273.7
255.7
269.7
sums of draw-off volumes of each hour of the day
372.4
243.1
322.5
157
323.1
460.3
25406.5
24105.499999
6043.7000000
1379.1
1249.3
7392.0999999
5936
1429.9
3837.8
5866.4
3062.8
2799.7
3776.3
5056.9
5249.4999999
3127.8
1305.6
470.1
sums of draw-off volumes of each hour of weekdays
228.4
146.4
297.5
138
218.8
386
17046.5
18096.2
5488.8
1059.5
1021.5
4590.5
4024.2
1047.2
3512
5484.7
2723
1973.1
2475.7
3535.1999999
3618.1
2402.7
1235
390.9
sums of draw-off volumes of each hour of weekend-days
144
96.7
25
19
104.3
74.3
8359.9999999
6009.3000000
554.9
319.6
227.8
2801.6
1911.8
382.7
325.8
381.7
339.8
826.6
1300.6
1521.7
1631.4
725.1
70.6
79.2
holidays of household(s), numbers correspond to day of year
