#1 
double Q_AW(7,4)				
-1	308.15	323.15	333.15	
268.15	8591	8236	7871	
273.15	9822	9393	8909	
278.15	11233	10748	10232	
283.15	12920	12089	11501	
288.15	14501	13676	12828	
293.15	15424	14794	14160	
				
double COP(7,4)				
-1	308.15	323.15	333.15	
268.15	4.175	2.933	2.229	
273.15	4.748	3.304	2.513	
278.15	5.441	3.741	2.879	
283.15	6.367	4.189	3.209	
288.15	7.242	4.744	3.546	
293.15	7.758	5.165	3.930	

double P_EL(7,4)			
-1	308.15	323.15	333.15	
268.15	2058	2808	3531	
273.15	2069	2843	3545	
278.15	2065	2873	3554	
283.15	2029	2885	3584	
288.15	2002	2883	3618	
293.15	1988	2864	3603	

double P_CP(6,2)				
0	28
0.4	35
0.8	45
1.2	55
1.6	63
2	70
2.4	70
3.6	70

double P_SP(2,2)				
0	28
0.4	35
0.8	45
1.2	55
1.6	63
2	70
2.4	70
3.6	70