sums of daily draw-off volumes
470
595
290.9
330.9
352.3
359.3
506.6
795.8
466.8
759.8
331.6
303.2
285.4
557.4
369.3
668.6
427.2
353.4
474.3
346.8
304
266.2
371.2
439.1
238.8
359.3
346.5
238.2
414.3
833
561.7
280.7
487
511.1
305.1
622.1
374.2
544.5
473.5
360
380.8
345.1
524.1
464.7
392.8
617.3
203.8
505.8
299.9
338.1
396
328.5
237.2
462.2
429.5
518.7
534.4
536.9
457
378.2
256.2
708.1
355.4
205.6
718.8
394.8
393.2
328.8
244.2
596.3
341.2
462
614.3
346
404.4
887.1
370.6
692.2
397.4
457.5
468.7
616.9
550.8
454.8
457.9
379.4
538.5
341.2
354.5
524.3
482.9
446.2
280
606
688.4
592
406.4
571.6
342.1
455.1
312.8
523.3
426.1
635.3
260.1
502.4
331.3
602
300.6
425.5
404.6
427.2
337.7
509.6
243.8
326.4
523
491.5
213.8
425.4
450
308.1
275.4
285.9
294.4
465
394.9
278.6
544.2
403.4
478.1
294.2
806.3
464.5
394.1
563.2
388.4
399.9
258.8
622.7
352.4
473.7
415.2
517.6
421.1
630.9
410.5
256.8
365.2
534.6
424.1
458.5
527.9
301.8
347.5
308.3
335.4
435.5
497.9
376.4
334.3
536.5
295
529.3
245
347.2
390.7
224.1
426
538.1
435.7
364.8
380.6
633.3
289.5
379.9
466
435.3
258.9
461
333.2
240.2
221.5
619.6
565
481.5
301.6
254.6
336.1
714
377.6
436.8
289.3
292.4
351.4
192.4
421.8
372.2
175.2
0
0
0
0
0
0
0
95.4
78.2
79.9
178.8
23.8
124.5
41.4
140.5
430.6
329.5
398.3
223.7
701.7
546.8
465.2
420.7
226.6
257.9
363.9
380.9
436.8
260.4
305
331.4
311
403.5
457.9
207.7
191.3
323.1
391.3
392.7
313.4
405.7
300.4
383.5
412.8
342
369.9
382.5
447.3
397.1
284.3
212.4
221.8
614.9
218.9
440.2
541.1
206.8
581.9
263.5
421.6
291.9
394
376.6
329.7
275.2
252.5
374.9
222.3
311.5
422.6
383.2
321.7
361.7
319.5
262.8
365.5
545.7
113.8
408.8
591.2
428
178.2
605.4
539.2
260.5
411.5
346.4
671.9
305.4
459.8
607.5
599.7
476.7
376.1
418.5
508.3
326.5
353
518.7
400
511.4
224.2
395.1
474.4
454.2
284.2
407.8
718.1
476.9
352.9
255
492.1
312.1
395.1
178.5
344.9
531.9
798.4
548.1
287.6
303.9
406.1
352
375.8
406.2
459.4
393.6
444.4
268.1
298.6
208.7
316.3
522
489.6
495.7
224.4
292.7
449
549.8
729
350.2
425.2
512.4
341.7
558.5
529.2
612.9
382.7
613.4
412.6
467.7
488.7
661.1
506.3
588.9
362.7
377.2
386.4
481.4
289
372.2
380
731.7
395.6
487.7
467.8
sums of draw-off volumes of each hour of the day
521.6
785.3
790
661.8
881.60000000
559.3
13378.3
14355.7
4400.8
2314.3
1779.6
12656.5
9759.3
2595.8
2743.5
3867.4
5650.2999999
13887.7
18012.1
14828.7
12622.2
7295.8
893.1
635.5
sums of draw-off volumes of each hour of weekdays
445
426.8
620.4
519.6
821.40000000
447.9
9050.6
10326.4
3696.6
1914.1
1518.9
8200.8000000
6316.4
2119.6
2479.1
3207.8
4977.8
11382
13503.1
10073.5
7816.5000000
4580.2
637.7
489.9
sums of draw-off volumes of each hour of weekend-days
76.6
358.5
169.6
142.2
60.2
111.4
4327.7
4029.3
704.20000000
400.2
260.7
4455.7
3442.9
476.2
264.4
659.6
672.5
2505.7
4509
4755.2
4805.7
2715.6
255.4
145.6
holidays of household(s), numbers correspond to day of year
204
205
206
207
208
209
210
211
212
213
214
215
216
217
204
205
206
207
208
209
210
211
212
213
214
215
216
217
197
198
199
200
201
202
203
204
205
206
207
208
209
210
