sums of daily draw-off volumes
168.9
347.4
332.7
329.9
166.2
294.6
399.1
237.1
525.4
430.1
317
152.5
239.4
331.5
284
478.4
263.9
248.2
259.4
323
158.1
423.8
379.5
345.5
285
283.2
360.2
275.2
265.6
334.7
293.5
271
310.8
590
534.2
478.2
282.2
585.2
176.1
203.8
342.6
319.4
457.4
512.2
375.5
437.7
253.9
444.4
393.7
345.2
270.9
411.3
168.1
296.7
305.3
505.3
171.9
357.1
300.5
304.1
268
327.3
239.4
169.1
440.2
447.7
220.9
420.8
170.7
259.9
334.5
284.1
374.9
391.6
243.4
234.8
383.6
455.7
279.9
433.3
457.1
253.8
208.8
371.2
269.5
444.6
167.2
360.3
192.8
334.9
337.1
338.8
562
585.5
446.2
197.8
766.3
459.9
269.2
458.3
227.3
194.5
504.6
384.9
201.5
208.2
328.9
254.3
250.1
147.4
259.4
216.9
488.5
326.4
289
424.5
285.6
357.2
207.6
417.4
257.7
246.3
300
394.6
325.8
220.2
214.2
300.5
189.9
504.5
293.7
451.3
417.4
312.6
208.6
528.5
199.1
319.1
218.4
203.5
308.1
321.3
293.7
323.7
228.9
310.7
345.2
337.8
302.8
376.9
302.4
346.6
301.6
380.3
348.2
268.6
221.6
163.7
324.1
587.6
170
377.2
272.4
245.8
280
234.8
161.8
230.4
212.4
330.6
189
145.5
432.2
232.9
283
406.2
284.4
352.8
248.6
138.9
295.9
72.8
279.7
173.2
112.9
116.8
102.6
0
0
0
0
0
0
90.1
81.6
169.1
56.5
262.6
187.3
106
94.3
258.3
268.2
448.7
262.7
432.9
259
327.7
233.2
447
340.4
362.2
259
277.2
150.3
348.3
143.6
235.4
659.7
330.6
281.5
182
324.5
64.5
187.4
386.6
281.7
278.9
165.3
118.3
207.4
145.2
395.6
226.7
269
177
191.2
254.2
450
440.9
189.4
427.8
144.4
110
290
222.9
362.5
268.2
279.6
214.7
309.5
345
122
462.4
346.9
171.1
248.4
469.2
314
195.3
309.4
250.5
169.6
202.2
185.5
199.5
246.7
249.7
356.5
268.8
234.2
259.1
204.7
223.6
302.7
415.5
498.5
267.1
154.5
551.4
159.3
416.6
349.4
392
414.1
221.3
261
219.7
391.7
335.8
260.5
515.9
286.7
320.9
200.6
412.4
394.2
317.7
233.6
202.7
255.9
279.6
406.8
403.2
262.2
568.8
340.3
319.7
345.8
164.8
486.6
313.2
167.6
263
148.2
181.1
360.9
551.4
439.6
390.2
294.4
352.6
254.3
392.5
559.9
179.4
343.6
259.3
127.7
169.7
426.8
630.7
261.4
317.5
293.3
119.1
284
386.7
419.9
167.7
315.9
372.2
287.5
255.7
429.3
515.1
197.9
436.6
496
323.2
253.5
530
444.2
476.7
237.6
412.8
217.7
142.5
357.4
222.9
375.8
391.6
248.8
244
301.7
sums of draw-off volumes of each hour of the day
660.7
400.4
744.2
914.8
650.1
670.5
12140.5
12877.4
2986.5
1416.8
1211
7147.8
4902
1716.1
1156.1
1376.2
4805.5
9306.2999999
14314.4
12147.6
9945.6999999
5919.9
1452.6
526.7
sums of draw-off volumes of each hour of weekdays
517.3
305.1
489
662.8
511.1
353.6
7954.4
8743.9000000
2734.4
1045.3
1027.2
4432.8
3232.5
1290
941.6
1097.9
4585.6
7666.7
10349.2
9051.4
6770.1999999
4136.4
1180.1
425.5
sums of draw-off volumes of each hour of weekend-days
143.4
95.3
255.2
252
139
316.9
4186.1
4133.5
252.1
371.5
183.8
2715
1669.5
426.1
214.5
278.3
219.9
1639.6
3965.2
3096.1999999
3175.5
1783.5
272.5
101.2
holidays of household(s), numbers correspond to day of year
184
185
186
187
188
189
190
191
192
193
194
195
196
197
192
193
194
195
196
197
198
199
200
201
202
203
204
205
