sums of daily draw-off volumes
1049.9
1185.6
785.3
641.6
973.8
1083.4
1017.3
754.3
1119.5
829.1
917.6
1077.1
729.1
680.6
791.5
732.9
1331.9
691.8
552.5
1016.9
632.5
629.7
754.2
981.6
567.9
1057.7
949
814.4
867
1075.4
888.4
708.5
763.1
625.2
466.8
704.1
1034.3
942
638.3
824.9
825.1
910.5
830.2
1417.4
830.6
907.1
844.3
802.7
1101.3
814.4
890.1
1139.5
967.3
1028.1
1074.2
624.6
777.4
1115.9
976.4
744.1
883.8
958
713.9
555
1423.4
769.1
954.2
677
802.2
637.8
1137.8
930.5
786.5
775.1
842.9
828.8
828.5
614.2
1069.8
932.8
980.2
629.3
708.8
820.9
820.7
920.6
878.2
837.4
773.2
640.1
613.8
792.1
1049.2
878.2
841.9
737.7
1339.7
739.3
712.5
809.3
810.6
779.8
875.9
706.5
766.7
596
689
983.4
705.1
683.8
672.6
714.1
1050
678.5
1218.2
644.5
780.2
899.4
701.3
826
899.4
1090.5
652.2
604.8
693.9
671.1
787.8
779.2
931.3
856
568.3
717.3
704
641.8
855.5
911.6
582.6
755.7
929
704.4
564.9
618.1
865
665.5
819
546
736.1
872.7
942.8
835
864.7
710.1
528.3
927.7
601.8
796.6
786
636.1
911.7
716.9
756.7
774.4
460.4
803.1
834
671.8
833.2
1127.1
1305.6
954.9
740.2
648.3
571.8
519.1
1139.9
568.1
913.8
714.1
789.7
533.6
669.7
564.6
329.2
583.1
705.4
475.2
574.4
465.5
692.5
425.9
646
529
276
451.6
727.3
688.9
433.5
734.6
815.3
528.3
512
664.9
675.9
558.4
786.1
1136.9
402.2
532.3
493.2
689.8
337.1
471.2
382.9
118.1
289.4
227.3
193
28.3
307.1
149.5
209.1
379.4
436.1
426.5
361.7
321
377.8
729.5
671.7
674.3
590.6
553.8
645.9
1047.3
543.2
1069.3
624.7
671.3
644.8
785
750
618.1
621.4
741.9
533.6
692.2
719.9
961.7
561.2
470.6
857.5
744.7
578.2
788
779
459.2
804.2
485.5
496.7
689.6
773.6
673.7
793.7
355.9
563.9
744.4
721.5
647.1
957.1
677.8
732.4
821.3
738.2
801.8
879.9
867.9
536.6
729.4
941.7
760.8
542.9
859.9
992.6
580.2
772.2
522.6
701.3
741.4
656.1
836.8
495.6
410.3
927.8
656.1
890
512.9
722.3
622.8
748.5
688
755.6
666.5
795.1
638.9
774.3
745.1
588.9
638.9
721
733.4
717.6
792.9
746.1
691.5
605.7
1097.2
1038.1
970.4
641
758.3
749.9
720.4
659.5
904.9
717.7
542.5
972.3
655.9
476.1
889.6
1232.5
830.7
710.3
834.3
976.3
770.1
652.5
653
958.4
737.3
976.1
980.7
826.5
771.3
698.9
982.4
781.8
717.6
907.5
911.7
885.1
1147
1117.7
804.1
610.3
464.2
793.4
697
897.1
911.8
688.4
1181.9
935.1
799.2
640.3
sums of draw-off volumes of each hour of the day
1188.9
1265.6
1663.7
1452.8
1633.2
1790.7
47415.099999
50657.2
10459.2
5092.8999999
4476.5
17372
17167.4
4284.0000000
7800.9000000
12107.3
10063.2
12503.4
16847.4
16362.200000
16822.000000
10230.7
3053.5
1737.5
sums of draw-off volumes of each hour of weekdays
846.7
967.19999999
1084.7
1161.1
1251.2
1363.4
30234.099999
35663
9213.8
4080.2
3644.7
10615.7
11167.8
3270.3
7336.3000000
11397.8
8936.3000000
9290.9000000
11604.4
11440.5
11509.7
7382.9000000
2666.9
1349.2
sums of draw-off volumes of each hour of weekend-days
342.2
298.4
579
291.7
382
427.3
17181
14994.2
1245.4
1012.7
831.8
6756.3
5999.6
1013.7
464.6
709.5
1126.9
3212.5
5243
4921.7
5312.3
2847.8
386.6
388.3
holidays of household(s), numbers correspond to day of year
218
219
220
221
222
223
224
225
226
227
228
229
230
231
186
187
188
189
190
191
192
193
194
195
196
197
198
199
211
212
213
214
215
216
217
218
219
220
221
222
223
224
217
218
219
220
221
222
223
224
225
226
227
228
229
230
