#1	
double	Pel(1441,2)
0	78.175
3600	78.175
7200	56.275
10800	45.075
14400	41.15
18000	38.725
21600	38.625
25200	40.95
28800	50
32400	88.525
36000	138.5
39600	174.175
43200	202.775
46800	206.7
50400	173.025
54000	136.125
57600	116.6
61200	106.7
64800	125.7
68400	156.4
72000	176.275
75600	160.125
79200	135.525
82800	114.75
86400	84.625
90000	78.2
93600	56.3
97200	45.1
100800	41.2
104400	38.7
108000	38.6
111600	41.0
115200	50.0
118800	88.5
122400	138.5
126000	174.2
129600	202.8
133200	206.7
136800	173.0
140400	136.1
144000	116.6
147600	106.7
151200	125.7
154800	156.4
158400	176.3
162000	160.1
165600	135.5
169200	114.8
172800	84.6
176400	78.2
180000	56.3
183600	45.1
187200	41.2
190800	38.7
194400	38.6
198000	41.0
201600	50.0
205200	88.5
208800	138.5
212400	174.2
216000	202.8
219600	206.7
223200	173.0
226800	136.1
230400	116.6
234000	106.7
237600	125.7
241200	156.4
244800	176.3
248400	160.1
252000	135.5
255600	114.8
259200	84.6
262800	78.2
266400	56.3
270000	45.1
273600	41.2
277200	38.7
280800	38.6
284400	41.0
288000	50.0
291600	88.5
295200	138.5
298800	174.2
302400	202.8
306000	206.7
309600	173.0
313200	136.1
316800	116.6
320400	106.7
324000	125.7
327600	156.4
331200	176.3
334800	160.1
338400	135.5
342000	114.8
345600	84.6
349200	78.2
352800	56.3
356400	45.1
360000	41.2
363600	38.7
367200	38.6
370800	41.0
374400	50.0
378000	88.5
381600	138.5
385200	174.2
388800	202.8
392400	206.7
396000	173.0
399600	136.1
403200	116.6
406800	106.7
410400	125.7
414000	156.4
417600	176.3
421200	160.1
424800	135.5
428400	114.8
432000	84.6
435600	78.2
439200	56.3
442800	45.1
446400	41.2
450000	38.7
453600	38.6
457200	41.0
460800	50.0
464400	88.5
468000	138.5
471600	174.2
475200	202.8
478800	206.7
482400	173.0
486000	136.1
489600	116.6
493200	106.7
496800	125.7
500400	156.4
504000	176.3
507600	160.1
511200	135.5
514800	114.8
518400	84.6
522000	78.2
525600	56.3
529200	45.1
532800	41.2
536400	38.7
540000	38.6
543600	41.0
547200	50.0
550800	88.5
554400	138.5
558000	174.2
561600	202.8
565200	206.7
568800	173.0
572400	136.1
576000	116.6
579600	106.7
583200	125.7
586800	156.4
590400	176.3
594000	160.1
597600	135.5
601200	114.8
604800	84.6
608400	78.2
612000	56.3
615600	45.1
619200	41.2
622800	38.7
626400	38.6
630000	41.0
633600	50.0
637200	88.5
640800	138.5
644400	174.2
648000	202.8
651600	206.7
655200	173.0
658800	136.1
662400	116.6
666000	106.7
669600	125.7
673200	156.4
676800	176.3
680400	160.1
684000	135.5
687600	114.8
691200	84.6
694800	78.2
698400	56.3
702000	45.1
705600	41.2
709200	38.7
712800	38.6
716400	41.0
720000	50.0
723600	88.5
727200	138.5
730800	174.2
734400	202.8
738000	206.7
741600	173.0
745200	136.1
748800	116.6
752400	106.7
756000	125.7
759600	156.4
763200	176.3
766800	160.1
770400	135.5
774000	114.8
777600	84.6
781200	78.2
784800	56.3
788400	45.1
792000	41.2
795600	38.7
799200	38.6
802800	41.0
806400	50.0
810000	88.5
813600	138.5
817200	174.2
820800	202.8
824400	206.7
828000	173.0
831600	136.1
835200	116.6
838800	106.7
842400	125.7
846000	156.4
849600	176.3
853200	160.1
856800	135.5
860400	114.8
864000	84.6
867600	58.3
871200	43.125
874800	39.55
878400	38.5
882000	39.125
885600	46.875
889200	90.075
892800	129.4
896400	133.5
900000	123.2
903600	116.225
907200	118.325
910800	130.7
914400	129.475
918000	115.35
921600	104.825
925200	105.225
928800	128.65
932400	166.175
936000	187.05
939600	168.225
943200	140.975
946800	116.675
950400	86.4
954000	58.3
957600	43.1
961200	39.6
964800	38.5
968400	39.1
972000	46.9
975600	90.1
979200	129.4
982800	133.5
986400	123.2
990000	116.2
993600	118.3
997200	130.7
1000800	129.5
1004400	115.4
1008000	104.8
1011600	105.2
1015200	128.7
1018800	166.2
1022400	187.1
1026000	168.2
1029600	141.0
1033200	116.7
1036800	86.4
1040400	58.3
1044000	43.1
1047600	39.6
1051200	38.5
1054800	39.1
1058400	46.9
1062000	90.1
1065600	129.4
1069200	133.5
1072800	123.2
1076400	116.2
1080000	118.3
1083600	130.7
1087200	129.5
1090800	115.4
1094400	104.8
1098000	105.2
1101600	128.7
1105200	166.2
1108800	187.1
1112400	168.2
1116000	141.0
1119600	116.7
1123200	86.4
1126800	58.3
1130400	43.1
1134000	39.6
1137600	38.5
1141200	39.1
1144800	46.9
1148400	90.1
1152000	129.4
1155600	133.5
1159200	123.2
1162800	116.2
1166400	118.3
1170000	130.7
1173600	129.5
1177200	115.4
1180800	104.8
1184400	105.2
1188000	128.7
1191600	166.2
1195200	187.1
1198800	168.2
1202400	141.0
1206000	116.7
1209600	86.4
1213200	58.3
1216800	43.1
1220400	39.6
1224000	38.5
1227600	39.1
1231200	46.9
1234800	90.1
1238400	129.4
1242000	133.5
1245600	123.2
1249200	116.2
1252800	118.3
1256400	130.7
1260000	129.5
1263600	115.4
1267200	104.8
1270800	105.2
1274400	128.7
1278000	166.2
1281600	187.1
1285200	168.2
1288800	141.0
1292400	116.7
1296000	86.4
1299600	58.3
1303200	43.1
1306800	39.6
1310400	38.5
1314000	39.1
1317600	46.9
1321200	90.1
1324800	129.4
1328400	133.5
1332000	123.2
1335600	116.2
1339200	118.3
1342800	130.7
1346400	129.5
1350000	115.4
1353600	104.8
1357200	105.2
1360800	128.7
1364400	166.2
1368000	187.1
1371600	168.2
1375200	141.0
1378800	116.7
1382400	86.4
1386000	58.3
1389600	43.1
1393200	39.6
1396800	38.5
1400400	39.1
1404000	46.9
1407600	90.1
1411200	129.4
1414800	133.5
1418400	123.2
1422000	116.2
1425600	118.3
1429200	130.7
1432800	129.5
1436400	115.4
1440000	104.8
1443600	105.2
1447200	128.7
1450800	166.2
1454400	187.1
1458000	168.2
1461600	141.0
1465200	116.7
1468800	86.4
1472400	58.3
1476000	43.1
1479600	39.6
1483200	38.5
1486800	39.1
1490400	46.9
1494000	90.1
1497600	129.4
1501200	133.5
1504800	123.2
1508400	116.2
1512000	118.3
1515600	130.7
1519200	129.5
1522800	115.4
1526400	104.8
1530000	105.2
1533600	128.7
1537200	166.2
1540800	187.1
1544400	168.2
1548000	141.0
1551600	116.7
1555200	86.4
1558800	58.3
1562400	43.1
1566000	39.6
1569600	38.5
1573200	39.1
1576800	46.9
1580400	90.1
1584000	129.4
1587600	133.5
1591200	123.2
1594800	116.2
1598400	118.3
1602000	130.7
1605600	129.5
1609200	115.4
1612800	104.8
1616400	105.2
1620000	128.7
1623600	166.2
1627200	187.1
1630800	168.2
1634400	141.0
1638000	116.7
1641600	86.4
1645200	58.3
1648800	43.1
1652400	39.6
1656000	38.5
1659600	39.1
1663200	46.9
1666800	90.1
1670400	129.4
1674000	133.5
1677600	123.2
1681200	116.2
1684800	118.3
1688400	130.7
1692000	129.5
1695600	115.4
1699200	104.8
1702800	105.2
1706400	128.7
1710000	166.2
1713600	187.1
1717200	168.2
1720800	141.0
1724400	116.7
1728000	86.4
1731600	66.6
1735200	49.175
1738800	44.275
1742400	43.1
1746000	44.05
1749600	52.625
1753200	92.925
1756800	129.725
1760400	137.475
1764000	135.95
1767600	132.05
1771200	133.25
1774800	149.6
1778400	145.65
1782000	126.775
1785600	113.4
1789200	106.15
1792800	116.325
1796400	144.85
1800000	171.925
1803600	168.05
1807200	155.95
1810800	135.7
1814400	100.25
1818000	66.6
1821600	49.2
1825200	44.3
1828800	43.1
1832400	44.1
1836000	52.6
1839600	92.9
1843200	129.7
1846800	137.5
1850400	136.0
1854000	132.1
1857600	133.3
1861200	149.6
1864800	145.7
1868400	126.8
1872000	113.4
1875600	106.2
1879200	116.3
1882800	144.9
1886400	171.9
1890000	168.1
1893600	156.0
1897200	135.7
1900800	100.3
1904400	66.6
1908000	49.2
1911600	44.3
1915200	43.1
1918800	44.1
1922400	52.6
1926000	92.9
1929600	129.7
1933200	137.5
1936800	136.0
1940400	132.1
1944000	133.3
1947600	149.6
1951200	145.7
1954800	126.8
1958400	113.4
1962000	106.2
1965600	116.3
1969200	144.9
1972800	171.9
1976400	168.1
1980000	156.0
1983600	135.7
1987200	100.3
1990800	66.6
1994400	49.2
1998000	44.3
2001600	43.1
2005200	44.1
2008800	52.6
2012400	92.9
2016000	129.7
2019600	137.5
2023200	136.0
2026800	132.1
2030400	133.3
2034000	149.6
2037600	145.7
2041200	126.8
2044800	113.4
2048400	106.2
2052000	116.3
2055600	144.9
2059200	171.9
2062800	168.1
2066400	156.0
2070000	135.7
2073600	100.3
2077200	66.6
2080800	49.2
2084400	44.3
2088000	43.1
2091600	44.1
2095200	52.6
2098800	92.9
2102400	129.7
2106000	137.5
2109600	136.0
2113200	132.1
2116800	133.3
2120400	149.6
2124000	145.7
2127600	126.8
2131200	113.4
2134800	106.2
2138400	116.3
2142000	144.9
2145600	171.9
2149200	168.1
2152800	156.0
2156400	135.7
2160000	100.3
2163600	89.6
2167200	66.65
2170800	54.475
2174400	50.6
2178000	49.975
2181600	48.775
2185200	51.325
2188800	69.5
2192400	112.45
2196000	160.25
2199600	186.6
2203200	205.725
2206800	209.45
2210400	175.375
2214000	144.075
2217600	124.375
2221200	108.375
2224800	109.55
2228400	126.65
2232000	152.025
2235600	159.425
2239200	150.5
2242800	140.2
2246400	108.075
2250000	89.6
2253600	66.65
2257200	54.475
2260800	50.6
2264400	49.975
2268000	48.775
2271600	51.325
2275200	69.5
2278800	112.45
2282400	160.25
2286000	186.6
2289600	205.725
2293200	209.45
2296800	175.375
2300400	144.075
2304000	124.375
2307600	108.375
2311200	109.55
2314800	126.65
2318400	152.025
2322000	159.425
2325600	150.5
2329200	140.2
2332800	108.075
2336400	89.6
2340000	66.65
2343600	54.475
2347200	50.6
2350800	49.975
2354400	48.775
2358000	51.325
2361600	69.5
2365200	112.45
2368800	160.25
2372400	186.6
2376000	205.725
2379600	209.45
2383200	175.375
2386800	144.075
2390400	124.375
2394000	108.375
2397600	109.55
2401200	126.65
2404800	152.025
2408400	159.425
2412000	150.5
2415600	140.2
2419200	108.075
2422800	89.6
2426400	66.65
2430000	54.475
2433600	50.6
2437200	49.975
2440800	48.775
2444400	51.325
2448000	69.5
2451600	112.45
2455200	160.25
2458800	186.6
2462400	205.725
2466000	209.45
2469600	175.375
2473200	144.075
2476800	124.375
2480400	108.375
2484000	109.55
2487600	126.65
2491200	152.025
2494800	159.425
2498400	150.5
2502000	140.2
2505600	108.075
2509200	89.6
2512800	66.65
2516400	54.475
2520000	50.6
2523600	49.975
2527200	48.775
2530800	51.325
2534400	69.5
2538000	112.45
2541600	160.25
2545200	186.6
2548800	205.725
2552400	209.45
2556000	175.375
2559600	144.075
2563200	124.375
2566800	108.375
2570400	109.55
2574000	126.65
2577600	152.025
2581200	159.425
2584800	150.5
2588400	140.2
2592000	108.075
2595600	66.6
2599200	49.2
2602800	44.3
2606400	43.1
2610000	44.1
2613600	52.6
2617200	92.9
2620800	129.7
2624400	137.5
2628000	136.0
2631600	132.1
2635200	133.3
2638800	149.6
2642400	145.7
2646000	126.8
2649600	113.4
2653200	106.2
2656800	116.3
2660400	144.9
2664000	171.9
2667600	168.1
2671200	156.0
2674800	135.7
2678400	100.3
2682000	66.6
2685600	49.2
2689200	44.3
2692800	43.1
2696400	44.1
2700000	52.6
2703600	92.9
2707200	129.7
2710800	137.5
2714400	136.0
2718000	132.1
2721600	133.3
2725200	149.6
2728800	145.7
2732400	126.8
2736000	113.4
2739600	106.2
2743200	116.3
2746800	144.9
2750400	171.9
2754000	168.1
2757600	156.0
2761200	135.7
2764800	100.3
2768400	66.6
2772000	49.2
2775600	44.3
2779200	43.1
2782800	44.1
2786400	52.6
2790000	92.9
2793600	129.7
2797200	137.5
2800800	136.0
2804400	132.1
2808000	133.3
2811600	149.6
2815200	145.7
2818800	126.8
2822400	113.4
2826000	106.2
2829600	116.3
2833200	144.9
2836800	171.9
2840400	168.1
2844000	156.0
2847600	135.7
2851200	100.3
2854800	66.6
2858400	49.2
2862000	44.3
2865600	43.1
2869200	44.1
2872800	52.6
2876400	92.9
2880000	129.7
2883600	137.5
2887200	136.0
2890800	132.1
2894400	133.3
2898000	149.6
2901600	145.7
2905200	126.8
2908800	113.4
2912400	106.2
2916000	116.3
2919600	144.9
2923200	171.9
2926800	168.1
2930400	156.0
2934000	135.7
2937600	100.3
2941200	66.6
2944800	49.2
2948400	44.3
2952000	43.1
2955600	44.1
2959200	52.6
2962800	92.9
2966400	129.7
2970000	137.5
2973600	136.0
2977200	132.1
2980800	133.3
2984400	149.6
2988000	145.7
2991600	126.8
2995200	113.4
2998800	106.2
3002400	116.3
3006000	144.9
3009600	171.9
3013200	168.1
3016800	156.0
3020400	135.7
3024000	100.3
3027600	84.275
3031200	62.2
3034800	48.875
3038400	44.275
3042000	43.175
3045600	43.275
3049200	45.725
3052800	65.55
3056400	111.225
3060000	159.525
3063600	185.075
3067200	205.175
3070800	207.8
3074400	168.625
3078000	136.25
3081600	121.025
3085200	107.3
3088800	111.75
3092400	137.55
3096000	160.925
3099600	154.75
3103200	143.925
3106800	127.625
3110400	93.975
3114000	84.3
3117600	62.2
3121200	48.9
3124800	44.3
3128400	43.2
3132000	43.3
3135600	45.7
3139200	65.6
3142800	111.2
3146400	159.5
3150000	185.1
3153600	205.2
3157200	207.8
3160800	168.6
3164400	136.3
3168000	121.0
3171600	107.3
3175200	111.8
3178800	137.6
3182400	160.9
3186000	154.8
3189600	143.9
3193200	127.6
3196800	94.0
3200400	84.3
3204000	62.2
3207600	48.9
3211200	44.3
3214800	43.2
3218400	43.3
3222000	45.7
3225600	65.6
3229200	111.2
3232800	159.5
3236400	185.1
3240000	205.2
3243600	207.8
3247200	168.6
3250800	136.3
3254400	121.0
3258000	107.3
3261600	111.8
3265200	137.6
3268800	160.9
3272400	154.8
3276000	143.9
3279600	127.6
3283200	94.0
3286800	84.3
3290400	62.2
3294000	48.9
3297600	44.3
3301200	43.2
3304800	43.3
3308400	45.7
3312000	65.6
3315600	111.2
3319200	159.5
3322800	185.1
3326400	205.2
3330000	207.8
3333600	168.6
3337200	136.3
3340800	121.0
3344400	107.3
3348000	111.8
3351600	137.6
3355200	160.9
3358800	154.8
3362400	143.9
3366000	127.6
3369600	94.0
3373200	84.3
3376800	62.2
3380400	48.9
3384000	44.3
3387600	43.2
3391200	43.3
3394800	45.7
3398400	65.6
3402000	111.2
3405600	159.5
3409200	185.1
3412800	205.2
3416400	207.8
3420000	168.6
3423600	136.3
3427200	121.0
3430800	107.3
3434400	111.8
3438000	137.6
3441600	160.9
3445200	154.8
3448800	143.9
3452400	127.6
3456000	94.0
3459600	73.6
3463200	54.825
3466800	49.775
3470400	46.875
3474000	48.8
3477600	59.25
3481200	97.9
3484800	129.725
3488400	141.625
3492000	144.075
3495600	139.25
3499200	141.95
3502800	157.8
3506400	152.7
3510000	131.775
3513600	118.775
3517200	114.775
3520800	122.5
3524400	142.175
3528000	165.15
3531600	166.575
3535200	157.525
3538800	144.5
3542400	112.075
3546000	73.6
3549600	54.8
3553200	49.8
3556800	46.9
3560400	48.8
3564000	59.3
3567600	97.9
3571200	129.7
3574800	141.6
3578400	144.1
3582000	139.3
3585600	142.0
3589200	157.8
3592800	152.7
3596400	131.8
3600000	118.8
3603600	114.8
3607200	122.5
3610800	142.2
3614400	165.2
3618000	166.6
3621600	157.5
3625200	144.5
3628800	112.1
3632400	73.6
3636000	54.8
3639600	49.8
3643200	46.9
3646800	48.8
3650400	59.3
3654000	97.9
3657600	129.7
3661200	141.6
3664800	144.1
3668400	139.3
3672000	142.0
3675600	157.8
3679200	152.7
3682800	131.8
3686400	118.8
3690000	114.8
3693600	122.5
3697200	142.2
3700800	165.2
3704400	166.6
3708000	157.5
3711600	144.5
3715200	112.1
3718800	73.6
3722400	54.8
3726000	49.8
3729600	46.9
3733200	48.8
3736800	59.3
3740400	97.9
3744000	129.7
3747600	141.6
3751200	144.1
3754800	139.3
3758400	142.0
3762000	157.8
3765600	152.7
3769200	131.8
3772800	118.8
3776400	114.8
3780000	122.5
3783600	142.2
3787200	165.2
3790800	166.6
3794400	157.5
3798000	144.5
3801600	112.1
3805200	73.6
3808800	54.8
3812400	49.8
3816000	46.9
3819600	48.8
3823200	59.3
3826800	97.9
3830400	129.7
3834000	141.6
3837600	144.1
3841200	139.3
3844800	142.0
3848400	157.8
3852000	152.7
3855600	131.8
3859200	118.8
3862800	114.8
3866400	122.5
3870000	142.2
3873600	165.2
3877200	166.6
3880800	157.5
3884400	144.5
3888000	112.1
3891600	89.6
3895200	66.65
3898800	54.475
3902400	50.6
3906000	49.975
3909600	48.775
3913200	51.325
3916800	69.5
3920400	112.45
3924000	160.25
3927600	186.6
3931200	205.725
3934800	209.45
3938400	175.375
3942000	144.075
3945600	124.375
3949200	108.375
3952800	109.55
3956400	126.65
3960000	152.025
3963600	159.425
3967200	150.5
3970800	140.2
3974400	108.075
3978000	89.6
3981600	66.65
3985200	54.475
3988800	50.6
3992400	49.975
3996000	48.775
3999600	51.325
4003200	69.5
4006800	112.45
4010400	160.25
4014000	186.6
4017600	205.725
4021200	209.45
4024800	175.375
4028400	144.075
4032000	124.375
4035600	108.375
4039200	109.55
4042800	126.65
4046400	152.025
4050000	159.425
4053600	150.5
4057200	140.2
4060800	108.075
4064400	89.6
4068000	66.65
4071600	54.475
4075200	50.6
4078800	49.975
4082400	48.775
4086000	51.325
4089600	69.5
4093200	112.45
4096800	160.25
4100400	186.6
4104000	205.725
4107600	209.45
4111200	175.375
4114800	144.075
4118400	124.375
4122000	108.375
4125600	109.55
4129200	126.65
4132800	152.025
4136400	159.425
4140000	150.5
4143600	140.2
4147200	108.075
4150800	89.6
4154400	66.65
4158000	54.475
4161600	50.6
4165200	49.975
4168800	48.775
4172400	51.325
4176000	69.5
4179600	112.45
4183200	160.25
4186800	186.6
4190400	205.725
4194000	209.45
4197600	175.375
4201200	144.075
4204800	124.375
4208400	108.375
4212000	109.55
4215600	126.65
4219200	152.025
4222800	159.425
4226400	150.5
4230000	140.2
4233600	108.075
4237200	89.6
4240800	66.65
4244400	54.475
4248000	50.6
4251600	49.975
4255200	48.775
4258800	51.325
4262400	69.5
4266000	112.45
4269600	160.25
4273200	186.6
4276800	205.725
4280400	209.45
4284000	175.375
4287600	144.075
4291200	124.375
4294800	108.375
4298400	109.55
4302000	126.65
4305600	152.025
4309200	159.425
4312800	150.5
4316400	140.2
4320000	108.075
4323600	84.3
4327200	62.2
4330800	48.9
4334400	44.3
4338000	43.2
4341600	43.3
4345200	45.7
4348800	65.6
4352400	111.2
4356000	159.5
4359600	185.1
4363200	205.2
4366800	207.8
4370400	168.6
4374000	136.3
4377600	121.0
4381200	107.3
4384800	111.8
4388400	137.6
4392000	160.9
4395600	154.8
4399200	143.9
4402800	127.6
4406400	94.0
4410000	84.3
4413600	62.2
4417200	48.9
4420800	44.3
4424400	43.2
4428000	43.3
4431600	45.7
4435200	65.6
4438800	111.2
4442400	159.5
4446000	185.1
4449600	205.2
4453200	207.8
4456800	168.6
4460400	136.3
4464000	121.0
4467600	107.3
4471200	111.8
4474800	137.6
4478400	160.9
4482000	154.8
4485600	143.9
4489200	127.6
4492800	94.0
4496400	84.3
4500000	62.2
4503600	48.9
4507200	44.3
4510800	43.2
4514400	43.3
4518000	45.7
4521600	65.6
4525200	111.2
4528800	159.5
4532400	185.1
4536000	205.2
4539600	207.8
4543200	168.6
4546800	136.3
4550400	121.0
4554000	107.3
4557600	111.8
4561200	137.6
4564800	160.9
4568400	154.8
4572000	143.9
4575600	127.6
4579200	94.0
4582800	84.3
4586400	62.2
4590000	48.9
4593600	44.3
4597200	43.2
4600800	43.3
4604400	45.7
4608000	65.6
4611600	111.2
4615200	159.5
4618800	185.1
4622400	205.2
4626000	207.8
4629600	168.6
4633200	136.3
4636800	121.0
4640400	107.3
4644000	111.8
4647600	137.6
4651200	160.9
4654800	154.8
4658400	143.9
4662000	127.6
4665600	94.0
4669200	84.3
4672800	62.2
4676400	48.9
4680000	44.3
4683600	43.2
4687200	43.3
4690800	45.7
4694400	65.6
4698000	111.2
4701600	159.5
4705200	185.1
4708800	205.2
4712400	207.8
4716000	168.6
4719600	136.3
4723200	121.0
4726800	107.3
4730400	111.8
4734000	137.6
4737600	160.9
4741200	154.8
4744800	143.9
4748400	127.6
4752000	94.0
4755600	73.6
4759200	54.8
4762800	49.8
4766400	46.9
4770000	48.8
4773600	59.3
4777200	97.9
4780800	129.7
4784400	141.6
4788000	144.1
4791600	139.3
4795200	142.0
4798800	157.8
4802400	152.7
4806000	131.8
4809600	118.8
4813200	114.8
4816800	122.5
4820400	142.2
4824000	165.2
4827600	166.6
4831200	157.5
4834800	144.5
4838400	112.1
4842000	73.6
4845600	54.825
4849200	49.775
4852800	46.875
4856400	48.8
4860000	59.25
4863600	97.9
4867200	129.725
4870800	141.625
4874400	144.075
4878000	139.25
4881600	141.95
4885200	157.8
4888800	152.7
4892400	131.775
4896000	118.775
4899600	114.775
4903200	122.5
4906800	142.175
4910400	165.15
4914000	166.575
4917600	157.525
4921200	144.5
4924800	112.075
4928400	73.6
4932000	54.8
4935600	49.8
4939200	46.9
4942800	48.8
4946400	59.3
4950000	97.9
4953600	129.7
4957200	141.6
4960800	144.1
4964400	139.3
4968000	142.0
4971600	157.8
4975200	152.7
4978800	131.8
4982400	118.8
4986000	114.8
4989600	122.5
4993200	142.2
4996800	165.2
5000400	166.6
5004000	157.5
5007600	144.5
5011200	112.1
5014800	73.6
5018400	54.8
5022000	49.8
5025600	46.9
5029200	48.8
5032800	59.3
5036400	97.9
5040000	129.7
5043600	141.6
5047200	144.1
5050800	139.3
5054400	142.0
5058000	157.8
5061600	152.7
5065200	131.8
5068800	118.8
5072400	114.8
5076000	122.5
5079600	142.2
5083200	165.2
5086800	166.6
5090400	157.5
5094000	144.5
5097600	112.1
5101200	73.6
5104800	54.8
5108400	49.8
5112000	46.9
5115600	48.8
5119200	59.3
5122800	97.9
5126400	129.7
5130000	141.6
5133600	144.1
5137200	139.3
5140800	142.0
5144400	157.8
5148000	152.7
5151600	131.8
5155200	118.8
5158800	114.8
5162400	122.5
5166000	142.2
5169600	165.2
5173200	166.6
5176800	157.5
5180400	144.5
5184000	112.1
