sums of daily draw-off volumes
228.8
351.6
321.1
312.6
167.1
279
390.5
269.4
545.7
380.9
402.2
210.2
205
356.1
259.4
435.5
309.5
256.7
205.6
359.6
206.7
403.6
429.4
319.8
172.3
245.1
405.5
292.2
214.8
299.4
359.1
286.5
289.8
487.6
431.7
468.5
287.8
585.2
205.4
298.4
373.7
347.8
497.7
524.2
469.3
313.3
205
414.1
418.9
294.3
318
400.9
215.1
322.5
294
424.3
331.7
345.7
329.6
304.7
301.9
291.2
309.4
219
446.4
401.2
293.1
474.2
107.2
240.3
333.1
244.6
338.7
306.6
241.6
211.3
388.4
472.8
264.5
376.1
436.5
157.8
196.9
316.1
246.4
429.4
219.9
420.5
248.2
291.6
297.4
328.6
424.3
478.7
518.1
292.9
712.9
493.6
249.1
449.3
230
226.5
397.7
401.8
276
205.9
499.7
282.5
437.4
173
223.6
222.6
459.9
341
306.2
414.7
304.6
398.1
177.3
383.2
221.6
232.2
284.3
416.7
291.6
199
241.3
337.3
223.4
503.5
253.3
409.9
407.9
332.3
252.9
496.2
215.7
383
233.7
121
325.9
305.1
304.5
348.4
214
386.3
377.4
332.9
408.4
417.7
323.7
308
216.1
338
299
278
168.6
205
355.2
493.6
154.2
410.1
209.7
259.8
252.7
213.7
147.2
249.7
308.6
318.6
148.2
128.6
425.6
241.9
296.5
556.2
248.4
268.4
197.9
158.7
306.9
85
245.9
190.5
138.2
69.9
124.9
0
0
0
0
0
0
104.9
92.3
177.3
63.5
261.1
149.9
94.2
143
166.8
218.7
466
322.6
398.9
272.9
304.6
242.5
467
284.6
482.7
389.6
239.8
235.6
348
136.1
432.6
456.6
267.3
200
217.6
316.7
83.4
220.9
396.8
340.8
376.4
128.1
130.2
179.8
190.1
363.1
398.7
266.4
172.2
172.3
242.8
407.4
433.3
172
382.4
167.2
123
329.2
214.7
347.2
221.9
270
223.1
284.5
361.1
173
460.6
379.3
205.8
271.8
427.9
439.7
224.6
280.2
199.5
195.5
238.7
209.1
197.7
271.5
335.7
371.2
266.6
251.9
426.4
171.2
185.8
298.1
377.9
466.9
220
95.1
586.7
160.4
366
368.4
344.7
402.7
217.9
296.9
192.6
257.4
250.8
280.6
564
265.7
325.8
246.3
399.8
401
275.8
255.3
241.6
252.5
230.4
365.5
374.9
234.1
526.3
284.7
331
371.1
194.4
610
243.7
184.5
209.7
170.1
222.2
284.6
543.2
164.4
606.7
294.3
342.8
253.2
368.4
547.3
245.8
358.8
180.3
185.6
193.6
442.5
705.1
219.5
320.4
242.5
145
179
375.6
429.8
182.7
309.4
340.4
195.9
266.9
322.6
511.1
211.4
419.2
414.6
259.3
288.5
528.7
429.6
480.5
227.3
468.8
192.5
243.3
307.4
212.8
364.1
435.2
295.3
222.1
312.6
sums of draw-off volumes of each hour of the day
380.8
220.9
305.7
370.5
507
209.1
20476.2
19589.6
10369
5185.2
1440.3
987.4
7114.7999999
6538.3999999
1615.1
3773.5
4205.2999999
3252.5999999
2867.8
4681.9
4637.2999999
5811.2999999
3780.5
1178.7
sums of draw-off volumes of each hour of weekdays
346.1
185.8
268.7
261.6
473.2
169.8
12737.7
12718.5
9943.2000000
4834.3000000
999.8
680.4
4129.8
4225.7
1054.6
3522.6
3991.7999999
2961.9999999
2029.8
2967.6
3407.5
4081.4999999
3196.1
1114.6
sums of draw-off volumes of each hour of weekend-days
34.7
35.1
37
108.9
33.8
39.3
7738.4999999
6871.1000000
425.8
350.9
440.5
307
2985
2312.7
560.5
250.9
213.5
290.6
837.99999999
1714.3
1229.8
1729.8
584.4
64.1
holidays of household(s), numbers correspond to day of year
184
185
186
187
188
189
190
191
192
193
194
195
196
197
192
193
194
195
196
197
198
199
200
201
202
203
204
205
